1004	531	133	0.2504708097928437	0.2504708097928437
2005	490	121	0.24877571008814886	0.24693877551020407
3006	525	125	0.24514877102199223	0.23809523809523808
4008	490	137	0.25343811394891946	0.2795918367346939
5016	525	121	0.24873096446700507	0.23047619047619047
6017	523	126	0.24740596627756162	0.24091778202676864
7019	529	123	0.24522557431497372	0.23251417769376181
8023	522	129	0.24546553808948005	0.2471264367816092
9024	505	132	0.24719827586206897	0.2613861386138614
10030	531	120	0.24502030555018373	0.22598870056497175
11032	508	127	0.2454657510125022	0.25
12039	492	129	0.2467995462647869	0.2621951219512195
13041	526	133	0.24727489920860088	0.25285171102661597
14043	529	126	0.24660946581787987	0.2381852551984877
Message stats for scenario default_scenario
sim_time: 14320.0000
created: 7352
delivered: 1817
delivery_prob: 0.2471
