1004	540	133	0.2462962962962963	0.2462962962962963
2005	492	121	0.24612403100775193	0.2459349593495935
3006	528	127	0.24423076923076922	0.24053030303030304
4008	493	137	0.25231368728689724	0.2778904665314402
5016	532	121	0.2471953578336557	0.2274436090225564
6017	530	128	0.2462279293739968	0.24150943396226415
7019	536	125	0.24431662558203232	0.2332089552238806
8023	529	130	0.24449760765550238	0.24574669187145556
9024	513	132	0.2458981461751545	0.2573099415204678
10030	534	120	0.24373445571073274	0.2247191011235955
11032	519	128	0.24399582318134355	0.2466281310211946
12039	504	130	0.24512	0.25793650793650796
13041	531	133	0.24553900604630585	0.2504708097928437
14043	539	128	0.24494535519125682	0.23747680890538034
Message stats for scenario default_scenario
sim_time: 14320.0000
created: 7452
delivered: 1828
delivery_prob: 0.2453
